1.269327400964690052e-02 2.479149478812911478e-02
6.885760762433953096e-03 -2.274289110938563025e-16
7.702719292706260157e-02 7.782589445976799414e-02
1.007887319190847383e-02 -3.952517948050664903e-16
3.323723156261017969e-02 0.000000000000000000e+00
3.792666547807937300e-02 4.723472262170767821e-02
2.292090678131221415e-02 1.973255560638206493e-02
5.592278428094819148e-03 4.205621620668985317e-02
3.228589142310384769e-02 4.882082901211426407e-02
6.619852176386882385e-03 5.684859911608254601e-02
3.519051587395116698e-02 1.924371805177871320e-02
1.506041259512097899e-02 3.138889587380136516e-16
1.045608341653611606e-02 2.338881506663088167e-02
1.788647330192500925e-02 1.049313062789637881e-02
3.859786361270970551e-02 1.531383173675839038e-02
